A = [ 0.866 0 -.5 0 0 0 ; 0.5 0 .866 0 0 0 ; -.866 -1 0 -1 0 0 ; -.5 0 0 0 -1 0 ; 0 1 .5 0 0 0 ; 0 0 -0.866 0 0 -1]
B = [0 ; -2000; 0; 0 ; -500 ;0 ]
format long
C = A\B